-------------
|8  | 49|3 5|
| 27|   | 1 |
|9  |2  | 8 |
-------------
|2  |1 7|5  |
|7  | 5 |  2|
|  4|6 2|  7|
-------------
| 9 |  6|  8|
| 5 |   |67 |
|6 3|58 |  1|
-------------

-------------
|7 8|  1|  9|
|1 9|  7| 85|
|536|  2|1 7|
-------------
|2 1|   |   |
|4 7| 6 |9 2|
|   | 4 |6 1|
-------------
|   |  3|52 |
|   | 8 |4 3|
|   | 2 |7 6|
-------------

-------------
| 7 | 2 |  5|
|9  |643|7  |
|826|9  |   |
-------------
|  7| 38|1 9|
| 9 |564|   |
|5  |   |246|
-------------
| 4 | 8 |57 |
|7 2|1 6|  4|
|1  |4  | 62|
-------------

-------------
|  2| 94| 8 |
|98 |  5| 1 |
|  7|6  | 9 |
-------------
|4  | 8 |  6|
|2  |   |8 4|
|  8|4 9|  1|
-------------
| 49| 7 |   |
| 1 |94 |   |
|   |8  |14 |
-------------

-------------
| 7 |1  |   |
|  2| 37|6  |
|89 |   | 7 |
-------------
|  8|  9|4  |
|5  |  4| 8 |
|9 7|8  |5  |
-------------
|   |428| 3 |
|   |6  | 2 |
|  9|   |8 6|
-------------

-------------
|8  |   |   |
|  3|6  |   |
| 7 | 9 |2  |
-------------
| 5 |  7|   |
|   | 45|7  |
|   |1  | 3 |
-------------
|  1|   | 68|
|  8|5  | 1 |
| 9 |   |4  |
-------------
